101970099848259;
101970099848259;
109662181437;
110545857533;
206041759407096;
196256240443741;
206041759407096;
196256240443741;
474327392601624;
1437431066499059;
489220941109690;
177314092435862;
204332456253002;
127287833995021;
182451160085;
59234947829;
110810165652873;
283451931857;
141376019238675;
188540051195076;
261428397302553;
124742596269;
788874801187126;
130260633325;
626697837453031;
584036548356622;
677290332387967;
584809274975318;
474327392601624;
1437431066499059;
489220941109690;
;
100120926806702;
100361970039454;
100860696625057;
101092479939213;
103089376426146;
103309976402238;
103401859692740;
103751589693698;
;
100120926806702;
100361970039454;
100860696625057;
101092479939213;
103089376426146;
103309976402238;
103401859692740;
103751589693698;
104332526305099;
104382966279134;
104458549613850;
104681902931209;
104744023020999;
104982773026683;
105002176209043;
;
100120926806702;
100361970039454;
100860696625057;
101092479939213;
103089376426146;
103309976402238;
103401859692740;
103751589693698;
104332526305099;
104382966279134;
104458549613850;
104681902931209;
104744023020999;
104982773026683;
105002176209043;
105864036312;
106015762790623;
106122439431914;
106175892755354;
106186159423132;
106714382701308;
107078866022707;
107584122651142;
107791332639598;
108674696647;
108915929207810;
109216029101294;
109764122434881;
109844899073819;
110003672385206;
110141029067305;
110298439044603;
110723755649448;
110810165652873;
110926665685598;
111151142278617;
111203198914162;
111312968951168;
111560322786;
111688363645;
111880378927728;
112092629910;
113042432055697;
113176582101432;
113347288692275;
114093261973991;
114408065259653;
114523248570873;
114546828620546;
114557718562800;
114659578553055;
114792698681910;
114881981878806;
115558911885928;
115666201786969;
115737501841211;
116343968396072;
116367091723974;
116939298369131;
117380591700944;
117563791624071;
118018431548501;
118326688198381;
118346011553679;
118397214838153;
118397988245841;
118437368275553;
118955531491531;
119102344814168;
119149128135810;
119368837334;
119707248102478;
119789354698293;
119957558092408;
120112284718428;
120197128033801;
120530837979295;
120615297955676;
121075937927144;
121459521223961;
121781427900398;
121986524524097;
122141034507396;
122148527802034;
122218107851453;
122409451127371;
122440054499695;
123395994496694;
123654777725134;
124035310983458;
124163917656448;
124742596269;
124996334194874;
125204957514583;
125441274139309;
125726640785703;
125761844163243;
126085727364;
126439427534475;
126557950860140;
126879204027253;
127048447349314;
127287833995021;
127639634055051;
128957800493188;
129104140479759;
129127677113555;
129242383817853;
129837339364;
130058387071035;
130260633325;
130314867018889;
130493561247;
130596450348356;
130793173691862;
130949736941172;
130970913760804;
131034786913030;
131269753698619;
131393673600781;
131703340219561;
131948010247991;
132276864647;
132385406828548;
132469206959348;
132480943469345;
132641676779985;
132796170122870;
134018866784260;
134190329935499;
134293676606434;
134366574029;
134694486594613;
134746426581153;
135107096557099;
135122166526239;
135784479828622;
136036973097343;
136096819845636;
136191859760635;
;
100120926806702;
100361970039454;
100860696625057;
101092479939213;
103089376426146;
103309976402238;
103401859692740;
103751589693698;
104382966279134;
104458549613850;
104681902931209;
104744023020999;
104982773026683;
105002176209043;
105864036312;
106015762790623;
106122439431914;
106175892755354;
106186159423132;
106714382701308;
107078866022707;
107584122651142;
107791332639598;
108674696647;
108915929207810;
109216029101294;
109764122434881;
109844899073819;
110003672385206;
110141029067305;
110298439044603;
110723755649448;
110810165652873;
110926665685598;
111151142278617;
111203198914162;
111312968951168;
111560322786;
111688363645;
111880378927728;
112092629910;
113042432055697;
113176582101432;
113347288692275;
114093261973991;
114408065259653;
114523248570873;
114546828620546;
114557718562800;
114659578553055;
114792698681910;
114881981878806;
115558911885928;
115666201786969;
115737501841211;
116343968396072;
116367091723974;
116939298369131;
117380591700944;
117563791624071;
118018431548501;
118326688198381;
118346011553679;
118397214838153;
118397988245841;
118437368275553;
118955531491531;
119102344814168;
119149128135810;
119368837334;
119707248102478;
119789354698293;
119957558092408;
120112284718428;
120197128033801;
120530837979295;
120615297955676;
121075937927144;
121459521223961;
121781427900398;
121986524524097;
122141034507396;
122148527802034;
122218107851453;
122409451127371;
122440054499695;
123395994496694;
123654777725134;
124035310983458;
124163917656448;
124742596269;
124996334194874;
125204957514583;
125441274139309;
125726640785703;
125761844163243;
126085727364;
126439427534475;
126557950860140;
126879204027253;
127048447349314;
127287833995021;
127639634055051;
128957800493188;
129104140479759;
129127677113555;
129242383817853;
129837339364;
130058387071035;
130260633325;
130314867018889;
130493561247;
130596450348356;
130793173691862;
130949736941172;
130970913760804;
131034786913030;
131269753698619;
131393673600781;
131703340219561;
131948010247991;
132276864647;
132385406828548;
132469206959348;
132480943469345;
132641676779985;
132796170122870;
134018866784260;
134190329935499;
134293676606434;
134366574029;
134694486594613;
134746426581153;
135107096557099;
135122166526239;
135784479828622;
136036973097343;
136096819845636;
136191859760635;
136785346344390;
136823889736388;
136970061734;
137092644400;
137116213001767;
1375817006067166;
138271576431;
1384398651838245;
1384838601753984;
138877762821723;
139360249426613;
139637142457;
1398215247079739;
1398725003674768;
140044829378549;
1401613816801842;
1402103356725403;
140572242670609;
1408333216154087;
1408470019371695;
1410019405944163;
1410179879232426;
141124669281306;
141236486084412;
1412793035621863;
141311529238194;
1413264918976191;
141376019238675;
1415849948682730;
141603242546166;
1416181292000997;
141802935856304;
1418292328415010;
142158015859552;
1422817761317285;
1425410494368523;
142646422418104;
1427460200869001;
1431514363771779;
1431726853706454;
143198872393308;
143330973766;
143412785681338;
143466792358002;
143565212322025;
143644441512;
1437431066499059;
143826789024900;
1442377475997765;
1444529612479931;
144652765548538;
144698045544011;
1447782242160908;
1448451885398966;
144978995536226;
145141498867120;
145317005496103;
1453553054886204;
145402015509391;
145529062224891;
145636915569918;
145653602132720;
1456653151245829;
1457185734560074;
1457825797784522;
146660172028049;
1466744256890294;
1469298123312148;
147073438672381;
147164285462852;
147258866676;
1473050732995366;
147495438664796;
1481813565442412;
1482407455322290;
1483279941884982;
1490728057835229;
149188255157647;
149296365157196;
1494430344128388;
1494749130745031;
149694588410348;
149848195074998;
1499248006962214;
1500399930172086;
150153951708232;
1508063962741447;
150907838279853;
151068638333034;
151226211615976;
1514486398766614;
151687631286;
152082844978638;
152191180374;
152241378143934;
152372001569875;
1524652884445061;
152518871475774;
1525282604357506;
152871624869627;
153028948052873;
153471381364876;
153793474672645;
154286789021;
154635791365379;
1549270355289018;
1551352788439463;
155603841143488;
155632681262069;
1556855074585073;
1558434377732256;
156818251007158;
157084174335378;
157174187639847;
157175827659122;
157302641081220;
1578463535706199;
158011490887903;
158054097576742;
158273350878591;
158420890892424;
158533157534145;
158698447509813;
158716294191887;
158783720833496;
158787805110;
159262747487710;
159297210814670;
159570731487;
1601617746726574;
160382243973654;
160546750657945;
1607789232816797;
1610091065880263;
162787060440118;
162824820475557;
162842477066393;
163509653731233;
163849620326504;
163986083620424;
164333783754217;
165124110286399;
165454083509786;
166030126779559;
166488266760500;
166755830075492;
166778720089395;
166902616676026;
167320536616883;
167552819994339;
167729968094;
167825806632895;
168125146585664;
16898522419;
169822033214511;
16985584977;
170079096371739;
170130066515634;
170312999650416;
170573692997358;
171536702344;
1721070121450902;
172174286287143;
172323659589893;
172364952808306;
17245341794;
172898412759699;
173409269344062;
173995532737102;
174423782608881;
174621208846;
175018859226415;
175069815901235;
176664429084390;
176697022378894;
177314092435862;
177836095620380;
1778382352387874;
178792165511589;
179475802100428;
179681485413716;
179839030801;
179844915401342;
180010662175948;
180348558779662;
180399192021361;
180510938656123;
180642988633918;
180758825379489;
181299535248613;
181537831942214;
181629438542365;
181823575203714;
182318845873;
182451160085;
183275461718810;
183923908290133;
186868591371904;
186920551343695;
187408868073661;
187822684600538;
187855211241498;
187999461322208;
188540051195076;
189243554426894;
190492997643041;
190893077595945;
191139910918700;
191175114258464;
191188897623842;
191291090889719;
191571027594206;
192090517468209;
192326914121111;
192676086669;
192815177438978;
193170990839614;
193573607481147;
193716590788104;
193945777482372;
194023883975422;
194609307338721;
194618600642819;
194849377230004;
195301540632177;
195521740494329;
196884070407692;
197216780461144;
198159220313423;
198508437023273;
199300870116888;
199805153368900;
200248400009399;
200349570120555;
200391653475797;
200586856741963;
201708308856;
201747536643577;
203516256345403;
203601039712907;
203822946319791;
204172846290782;
204276139595832;
204332456253002;
204893579619890;
205004222859779;
205108002848284;
206281849384722;
206708412700664;
206957862804913;
208256882539987;
208707525132;
209358445194;
209529652495571;
209756039051369;
209799442403334;
210765253379;
212630465450106;
213623900889;
214093748620558;
214147698696140;
214552671897175;
214606448608846;
215303295147929;
215920978476861;
216082898589530;
216542471791021;
216683561692939;
216878555107050;
216987948404328;
218346994903323;
218677058254725;
219139851447301;
220302921496744;
